test <- "2"

test4 <-10