test <- "2"

test4 <-10

n=200
